#         t          x          y          z         vx         vy         vz
      0.000    -98.600   -119.990   -127.780    -28.430    173.920     93.230
      0.010    -98.881   -118.247   -126.843    -27.736    174.765     94.133
      0.020    -99.155   -116.495   -125.897    -27.026    175.613     95.046
      0.030    -99.421   -114.734   -124.942    -26.301    176.465     95.970
      0.040    -99.681   -112.965   -123.978    -25.559    177.322     96.906
      0.050    -99.932   -111.188   -123.004    -24.800    178.181     97.853
      0.060   -100.177   -109.402   -122.021    -24.024    179.045     98.812
      0.070   -100.413   -107.607   -121.028    -23.231    179.912     99.782
      0.080   -100.641   -105.803   -120.025    -22.418    180.782    100.765
      0.090   -100.861   -103.991   -119.012    -21.587    181.656    101.760
      0.100   -101.073   -102.170   -117.990    -20.737    182.533    102.767
      0.110   -101.276   -100.341   -116.957    -19.866    183.412    103.787
      0.120   -101.470    -98.502   -115.914    -18.975    184.295    104.821
      0.130   -101.655    -96.655   -114.860    -18.063    185.181    105.867
      0.140   -101.831    -94.798   -113.797    -17.129    186.069    106.926
      0.150   -101.998    -92.933   -112.722    -16.173    186.959    108.000
      0.160   -102.154    -91.059   -111.636    -15.193    187.852    109.087
      0.170   -102.301    -89.176   -110.540    -14.190    188.746    110.188
      0.180   -102.438    -87.284   -109.433    -13.162    189.642    111.303
      0.190   -102.564    -85.383   -108.314    -12.109    190.539    112.433
      0.200   -102.680    -83.474   -107.184    -11.030    191.438    113.578
      0.210   -102.785    -81.555   -106.042     -9.923    192.337    114.738
      0.220   -102.878    -79.627   -104.889     -8.789    193.237    115.913
      0.230   -102.961    -77.690   -103.724     -7.627    194.137    117.104
      0.240   -103.031    -75.744   -102.547     -6.435    195.036    118.310
      0.250   -103.089    -73.789   -101.358     -5.213    195.935    119.533
      0.260   -103.135    -71.825   -100.156     -3.959    196.832    120.771
      0.270   -103.168    -69.853    -98.942     -2.673    197.728    122.026
      0.280   -103.188    -67.871    -97.716     -1.354    198.621    123.298
      0.290   -103.195    -65.880    -96.476     -0.000    199.511    124.586
      0.300   -103.188    -63.881    -95.224      1.389    200.398    125.891
      0.310   -103.167    -61.872    -93.958      2.815    201.281    127.214
      0.320   -103.132    -59.855    -92.679      4.278    202.158    128.554
      0.330   -103.081    -57.829    -91.387      5.781    203.030    129.912
      0.340   -103.016    -55.794    -90.081      7.323    203.896    131.287
      0.350   -102.935    -53.751    -88.761      8.907    204.754    132.680
      0.360   -102.837    -51.699    -87.427     10.534    205.603    134.091
      0.370   -102.724    -49.639    -86.079     12.205    206.443    135.520
      0.380   -102.593    -47.571    -84.717     13.921    207.273    136.966
      0.390   -102.445    -45.494    -83.340     15.684    208.090    138.431
      0.400   -102.279    -43.409    -81.948     17.496    208.895    139.914
      0.410   -102.095    -41.316    -80.542     19.357    209.685    141.415
      0.420   -101.892    -39.215    -79.120     21.270    210.459    142.934
      0.430   -101.669    -37.107    -77.683     23.235    211.215    144.471
      0.440   -101.427    -34.991    -76.230     25.255    211.952    146.024
      0.450   -101.164    -32.868    -74.762     27.331    212.668    147.596
      0.460   -100.880    -30.738    -73.278     29.464    213.361    149.184
      0.470   -100.574    -28.601    -71.778     31.657    214.029    150.788
      0.480   -100.246    -26.457    -70.262     33.910    214.670    152.409
      0.490    -99.896    -24.308    -68.730     36.226    215.282    154.045
      0.500    -99.522    -22.152    -67.181     38.606    215.861    155.696
      0.510    -99.123    -19.991    -65.616     41.052    216.405    157.361
      0.520    -98.700    -17.824    -64.034     43.565    216.912    159.038
      0.530    -98.252    -15.653    -62.435     46.146    217.378    160.728
      0.540    -97.777    -13.477    -60.820     48.798    217.800    162.429
      0.550    -97.275    -11.297    -59.187     51.521    218.176    164.139
      0.560    -96.746     -9.113    -57.537     54.317    218.501    165.857
      0.570    -96.189     -6.927    -55.870     57.188    218.771    167.582
      0.580    -95.602     -4.738    -54.185     60.133    218.983    169.311
      0.590    -94.986     -2.548    -52.483     63.155    219.133    171.042
      0.600    -94.339     -0.356    -50.764     66.253    219.216    172.774
      0.610    -93.660      1.836    -49.028     69.429    219.228    174.503
      0.620    -92.950      4.028    -47.274     72.682    219.164    176.227
      0.630    -92.206      6.219    -45.503     76.013    219.020    177.944
      0.640    -91.429      8.408    -43.715     79.420    218.790    179.648
      0.650    -90.617     10.595    -41.910     82.905    218.469    181.338
      0.660    -89.770     12.777    -40.089     86.464    218.053    183.010
      0.670    -88.888     14.955    -38.250     90.098    217.536    184.658
      0.680    -87.968     17.127    -36.396     93.803    216.913    186.280
      0.690    -87.011     19.293    -34.525     97.577    216.178    187.869
      0.700    -86.016     21.450    -32.639    101.417    215.326    189.422
      0.710    -84.983     23.599    -30.737    105.320    214.353    190.933
      0.720    -83.910     25.737    -28.820    109.281    213.253    192.397
      0.730    -82.797     27.863    -26.889    113.295    212.022    193.808
      0.740    -81.643     29.976    -24.944    117.356    210.655    195.161
      0.750    -80.449     32.076    -22.986    121.458    209.149    196.448
      0.760    -79.214     34.159    -21.016    125.594    207.500    197.666
      0.770    -77.937     36.225    -19.033    129.755    205.706    198.807
      0.780    -76.619     38.272    -17.040    133.935    203.763    199.865
      0.790    -75.259     40.299    -15.036    138.122    201.672    200.836
      0.800    -73.856     42.305    -13.024    142.308    199.430    201.712
      0.810    -72.413     44.287    -11.003    146.482    197.039    202.489
      0.820    -70.927     46.245     -8.974    150.634    194.500    203.161
      0.830    -69.400     48.176     -6.940    154.753    191.815    203.725
      0.840    -67.832     50.080     -4.900    158.827    188.987    204.175
      0.850    -66.224     51.955     -2.857    162.845    186.020    204.509
      0.860    -64.576     53.800     -0.811    166.795    182.920    204.721
      0.870    -62.888     55.613      1.237    170.668    179.694    204.798
      0.880    -61.163     57.393      3.284    174.448    176.351    204.689
      0.890    -59.400     59.140      5.330    178.125    172.901    204.448
      0.900    -57.601     60.851      7.373    181.689    169.353    204.084
      0.910    -55.767     62.526      9.411    185.130    165.717    203.600
      0.920    -53.899     64.165     11.444    188.443    162.003    202.997
      0.930    -51.998     65.766     13.470    191.619    158.222    202.280
      0.940    -50.067     67.329     15.489    194.653    154.384    201.451
      0.950    -48.106     68.854     17.499    197.541    150.501    200.516
      0.960    -46.117     70.339     19.499    200.279    146.582    199.479
      0.970    -44.101     71.785     21.488    202.864    142.639    198.346
      0.980    -42.061     73.192     23.465    205.296    138.681    197.122
      0.990    -39.996     74.559     25.430    207.573    134.718    195.814
      1.000    -37.910     75.886     27.381    209.696    130.761    194.427
      1.010    -35.803     77.174     29.318    211.667    126.816    192.967
      1.020    -33.677     78.422     31.240    213.486    122.893    191.442
      1.030    -31.534     79.632     33.147    215.158    119.000    189.857
      1.040    -29.375     80.803     35.037    216.686    115.142    188.219
      1.050    -27.201     81.935     36.911    218.073    111.327    186.533
      1.060    -25.014     83.029     38.767    219.324    107.560    184.805
      1.070    -22.815     84.086     40.607    220.443    103.845    183.041
      1.080    -20.606     85.107     42.428    221.435    100.187    181.247
      1.090    -18.387     86.091     44.231    222.306     96.590    179.426
      1.100    -16.160     87.039     46.017    223.061     93.057    177.584
      1.110    -13.926     87.952     47.783    223.705     89.590    175.726
      1.120    -11.687     88.831     49.531    224.243     86.191    173.855
      1.130     -9.442     89.676     51.260    224.681     82.862    171.976
      1.140     -7.194     90.488     52.970    225.024     79.604    170.091
      1.150     -4.942     91.269     54.662    225.277     76.418    168.204
      1.160     -2.688     92.017     56.335    225.446     73.305    166.319
      1.170     -0.434     92.735     57.988    225.534     70.264    164.437
      1.180      1.822     93.423     59.623    225.548     67.295    162.562
      1.190      4.077     94.081     61.240    225.492     64.398    160.694
      1.200      6.331     94.711     62.837    225.369     61.572    158.837
      1.210      8.584     95.313     64.416    225.185     58.817    156.993
      1.220     10.835     95.888     65.977    224.943     56.132    155.161
      1.230     13.083     96.436     67.520    224.648     53.515    153.345
      1.240     15.328     96.958     69.044    224.302     50.966    151.545
      1.250     17.569     97.456     70.551    223.909     48.483    149.762
      1.260     19.805     97.928     72.040    223.473     46.064    147.998
      1.270     22.038     98.377     73.511    222.997     43.709    146.252
      1.280     24.265     98.803     74.965    222.483     41.416    144.526
      1.290     26.487     99.206     76.401    221.935     39.184    142.819
      1.300     28.704     99.587     77.821    221.355     37.011    141.134
      1.310     30.914     99.946     79.224    220.745     34.895    139.469
      1.320     33.119    100.285     80.611    220.108     32.835    137.825
      1.330     35.316    100.603     81.981    219.446     30.830    136.203
      1.340     37.507    100.902     83.335    218.761     28.878    134.602
      1.350     39.691    101.181     84.673    218.054     26.978    133.022
      1.360     41.868    101.442     85.995    217.328     25.128    131.464
      1.370     44.038    101.684     87.302    216.585     23.326    129.928
      1.380     46.200    101.909     88.594    215.825     21.572    128.412
      1.390     48.354    102.116     89.871    215.051     19.864    126.919
      1.400     50.501    102.306     91.132    214.263     18.200    125.446
      1.410     52.640    102.480     92.380    213.463     16.580    123.995
      1.420     54.770    102.638     93.612    212.652     15.001    122.564
      1.430     56.893    102.780     94.831    211.832     13.463    121.154
      1.440     59.007    102.907     96.036    211.002     11.965    119.764
      1.450     61.113    103.020     97.226    210.165     10.505    118.394
      1.460     63.210    103.118     98.404    209.321      9.082    117.044
      1.470     65.299    103.201     99.567    208.471      7.695    115.714
      1.480     67.379    103.272    100.718    207.615      6.343    114.403
      1.490     69.451    103.329    101.856    206.755      5.025    113.111
      1.500     71.514    103.372    102.980    205.892      3.740    111.838
      1.510     73.569    103.403    104.092    205.024      2.486    110.584
      1.520     75.615    103.422    105.192    204.155      1.264    109.347
      1.530     77.652    103.429    106.279    203.283      0.071    108.129
      1.540     79.681    103.424    107.355    202.409     -1.092    106.928
      1.550     81.700    103.407    108.418    201.534     -2.228    105.744
      1.560     83.711    103.379    109.470    200.659     -3.336    104.577
      1.570     85.713    103.341    110.510    199.783     -4.417    103.427
      1.580     87.707    103.291    111.538    198.908     -5.473    102.293
      1.590     89.692    103.231    112.556    198.032     -6.504    101.175
      1.600     91.668    103.161    113.562    197.158     -7.510    100.073
      1.610     93.635    103.081    114.557    196.284     -8.493     98.987
      1.620     95.593    102.991    115.542    195.412     -9.453     97.915
      1.630     97.543    102.892    116.516    194.542    -10.391     96.859
      1.640     99.484    102.784    117.479    193.673    -11.308     95.817
      1.650    101.416    102.666    118.432    192.806    -12.203     94.789
      1.660    103.340    102.540    119.375    191.941    -13.079     93.776
      1.670    105.255    102.405    120.308    191.079    -13.934     92.776
      1.680    107.162    102.261    121.230    190.220    -14.770     91.790
      1.690    109.060    102.109    122.143    189.363    -15.588     90.817
      1.700    110.949    101.950    123.047    188.509    -16.387     89.857
      1.710    112.830    101.782    123.941    187.658    -17.169     88.909
      1.720    114.702    101.606    124.825    186.810    -17.934     87.975
      1.730    116.566    101.423    125.700    185.966    -18.682     87.052
      1.740    118.422    101.233    126.566    185.125    -19.414     86.142
      1.750    120.269    101.035    127.423    184.287    -20.130     85.243
      1.760    122.107    100.830    128.271    183.453    -20.831     84.356
      1.770    123.938    100.618    129.110    182.622    -21.517     83.481
      1.780    125.760    100.400    129.941    181.795    -22.188     82.616
      1.790    127.574    100.175    130.763    180.972    -22.846     81.763
      1.800    129.379     99.943    131.576    180.152    -23.489     80.920
      1.810    131.177     99.705    132.381    179.336    -24.119     80.088
      1.820    132.966     99.461    133.178    178.525    -24.736     79.266
      1.830    134.747     99.210    133.966    177.717    -25.341     78.454
      1.840    136.520     98.954    134.747    176.913    -25.933     77.652
      1.850    138.286     98.692    135.520    176.113    -26.512     76.860
      1.860    140.043     98.424    136.284    175.317    -27.081     76.077
      1.870    141.792     98.150    137.041    174.525    -27.637     75.304
      1.880    143.533     97.871    137.790    173.737    -28.183     74.540
      1.890    145.267     97.587    138.532    172.953    -28.717     73.785
      1.900    146.992     97.297    139.266    172.173    -29.241     73.039
      1.910    148.710     97.002    139.993    171.397    -29.755     72.301
      1.920    150.420     96.702    140.712    170.625    -30.258     71.572
      1.930    152.123     96.397    141.424    169.857    -30.752     70.852
      1.940    153.817     96.087    142.129    169.093    -31.236     70.139
      1.950    155.504     95.772    142.827    168.333    -31.711     69.435
      1.960    157.184     95.453    143.518    167.578    -32.176     68.739
      1.970    158.856     95.129    144.202    166.826    -32.633     68.051
      1.980    160.521     94.800    144.879    166.078    -33.080     67.370
      1.990    162.178     94.467    145.549    165.334    -33.520     66.697
      2.000    163.827     94.130    146.213    164.595    -33.951     66.031
      2.010    165.470     93.788    146.870    163.859    -34.373     65.372
      2.020    167.104     93.442    147.520    163.127    -34.788     64.721
      2.030    168.732     93.092    148.164    162.399    -35.195     64.076
      2.040    170.352     92.738    148.802    161.675    -35.595     63.439
      2.050    171.966     92.380    149.433    160.955    -35.987     62.808
      2.060    173.572     92.019    150.058    160.239    -36.371     62.184
      2.070    175.170     91.653    150.677    159.526    -36.749     61.566
      2.080    176.762     91.284    151.290    158.818    -37.120     60.955
      2.090    178.347     90.911    151.896    158.113    -37.484     60.350
      2.100    179.924     90.534    152.497    157.412    -37.841     59.751
      2.110    181.495     90.154    153.091    156.715    -38.192     59.159
      2.120    183.059     89.770    153.680    156.021    -38.536     58.572
      2.130    184.615     89.383    154.263    155.331    -38.875     57.992
      2.140    186.165     88.993    154.840    154.645    -39.207     57.417
      2.150    187.708     88.599    155.411    153.963    -39.533     56.848
      2.160    189.245     88.202    155.977    153.284    -39.853     56.284
      2.170    190.774     87.802    156.537    152.609    -40.168     55.726
      2.180    192.297     87.399    157.091    151.937    -40.477     55.174
      2.190    193.813     86.993    157.640    151.269    -40.781     54.626
      2.200    195.322     86.583    158.184    150.604    -41.079     54.084
      2.210    196.825     86.171    158.722    149.943    -41.372     53.548
      2.220    198.321     85.756    159.255    149.286    -41.660     53.016
      2.230    199.811     85.338    159.782    148.631    -41.943     52.489
      2.240    201.294     84.917    160.305    147.981    -42.221     51.967
      2.250    202.770     84.493    160.822    147.333    -42.494     51.450
      2.260    204.240     84.067    161.334    146.689    -42.763     50.938
      2.270    205.704     83.638    161.840    146.048    -43.026     50.431
      2.280    207.161     83.207    162.342    145.411    -43.286     49.928
      2.290    208.612     82.772    162.839    144.777    -43.540     49.430
      2.300    210.057     82.336    163.331    144.146    -43.791     48.936
      2.310    211.495     81.897    163.818    143.518    -44.037     48.447
      2.320    212.927     81.455    164.300    142.893    -44.278     47.962
      2.330    214.353     81.011    164.777    142.272    -44.516     47.481
      2.340    215.773     80.565    165.249    141.654    -44.750     47.005
      2.350    217.186     80.116    165.717    141.039    -44.980     46.533
      2.360    218.594     79.665    166.180    140.427    -45.205     46.064
      2.370    219.995     79.212    166.638    139.817    -45.427     45.600
      2.380    221.390     78.757    167.092    139.211    -45.646     45.140
      2.390    222.779     78.299    167.541    138.608    -45.860     44.684
      2.400    224.162     77.840    167.986    138.008    -46.071     44.231
      2.410    225.539     77.378    168.426    137.411    -46.278     43.783
      2.420    226.910     76.914    168.862    136.817    -46.482     43.338
      2.430    228.276     76.448    169.293    136.226    -46.683     42.897
      2.440    229.635     75.980    169.719    135.637    -46.880     42.460
      2.450    230.988     75.511    170.142    135.051    -47.073     42.026
      2.460    232.336     75.039    170.560    134.469    -47.264     41.595
      2.470    233.678     74.565    170.974    133.889    -47.451     41.169
      2.480    235.014     74.090    171.383    133.311    -47.636     40.745
      2.490    236.344     73.613    171.789    132.737    -47.817     40.325
      2.500    237.668     73.134    172.190    132.165    -47.995     39.909
      2.510    238.987     72.653    172.587    131.596    -48.170     39.495
      2.520    240.300     72.170    172.980    131.029    -48.342     39.085
      2.530    241.608     71.686    173.369    130.465    -48.512     38.678
      2.540    242.910     71.200    173.753    129.904    -48.678     38.275
      2.550    244.206     70.712    174.134    129.345    -48.842     37.874
      2.560    245.497     70.223    174.511    128.789    -49.003     37.477
      2.570    246.782     69.732    174.884    128.235    -49.161     37.082
      2.580    248.061     69.240    175.253    127.684    -49.317     36.691
      2.590    249.335     68.746    175.618    127.136    -49.470     36.302
      2.600    250.604     68.251    175.979    126.589    -49.621     35.917
      2.610    251.867     67.754    176.336    126.046    -49.769     35.534
      2.620    253.125     67.255    176.689    125.504    -49.914     35.154
      2.630    254.377     66.755    177.039    124.965    -50.058     34.777
      2.640    255.624     66.254    177.385    124.429    -50.198     34.403
      2.650    256.866     65.751    177.727    123.895    -50.337     34.031
      2.660    258.102     65.247    178.066    123.363    -50.473     33.663
      2.670    259.333     64.742    178.400    122.833    -50.607     33.297
      2.680    260.559     64.235    178.731    122.306    -50.738     32.933
      2.690    261.779     63.727    179.059    121.781    -50.868     32.572
      2.700    262.995     63.218    179.383    121.259    -50.995     32.214
      2.710    264.205     62.707    179.703    120.738    -51.120     31.858
      2.720    265.409     62.195    180.020    120.220    -51.243     31.505
      2.730    266.609     61.682    180.333    119.704    -51.364     31.154
      2.740    267.803     61.168    180.643    119.190    -51.483     30.806
      2.750    268.993     60.653    180.950    118.678    -51.600     30.460
      2.760    270.177     60.136    181.252    118.168    -51.715     30.116
      2.770    271.356     59.618    181.552    117.661    -51.828     29.775
      2.780    272.530     59.100    181.848    117.155    -51.939     29.436
      2.790    273.699     58.580    182.141    116.652    -52.048     29.099
      2.800    274.863     58.059    182.430    116.151    -52.155     28.765
      2.810    276.022     57.537    182.716    115.651    -52.261     28.433
      2.820    277.176     57.013    182.999    115.154    -52.365     28.103
      2.830    278.325     56.489    183.278    114.659    -52.466     27.775
      2.840    279.469     55.964    183.554    114.166    -52.567     27.450
      2.850    280.609     55.438    183.827    113.674    -52.665     27.127
      2.860    281.743     54.911    184.097    113.185    -52.762     26.805
      2.870    282.872     54.383    184.363    112.697    -52.857     26.486
      2.880    283.997     53.854    184.626    112.212    -52.950     26.169
      2.890    285.117     53.324    184.887    111.728    -53.042     25.854
      2.900    286.231     52.793    185.143    111.246    -53.132     25.541
      2.910    287.342     52.261    185.397    110.766    -53.220     25.230
      2.920    288.447     51.728    185.648    110.288    -53.307     24.921
      2.930    289.547     51.195    185.896    109.812    -53.393     24.613
      2.940    290.643     50.661    186.140    109.338    -53.477     24.308
      2.950    291.734     50.125    186.382    108.865    -53.559     24.005
      2.960    292.820     49.589    186.620    108.394    -53.640     23.703
      2.970    293.902     49.053    186.856    107.925    -53.719     23.404
      2.980    294.979     48.515    187.089    107.457    -53.797     23.106
      2.990    296.051     47.977    187.318    106.992    -53.874     22.810
      3.000    297.119     47.438    187.545    106.528    -53.949     22.516
      3.010    298.182     46.898    187.768    106.066    -54.023     22.224
      3.020    299.240     46.357    187.989    105.605    -54.095     21.933
      3.030    300.294     45.816    188.207    105.146    -54.166     21.644
      3.040    301.343     45.274    188.422    104.689    -54.236     21.357
      3.050    302.388     44.731    188.634    104.233    -54.305     21.071
      3.060    303.428     44.188    188.844    103.779    -54.372     20.788
      3.070    304.463     43.644    189.050    103.327    -54.438     20.506
      3.080    305.494     43.099    189.254    102.876    -54.502     20.225
      3.090    306.521     42.554    189.455    102.427    -54.566     19.946
      3.100    307.543     42.008    189.653    101.979    -54.628     19.669
      3.110    308.560     41.461    189.848    101.533    -54.689     19.393
      3.120    309.573     40.914    190.041    101.089    -54.748     19.119
      3.130    310.582     40.366    190.230    100.646    -54.807     18.847
      3.140    311.586     39.818    190.417    100.204    -54.864     18.576
      3.150    312.586     39.269    190.602     99.764    -54.921     18.307
      3.160    313.582     38.719    190.784     99.326    -54.976     18.039
      3.170    314.573     38.169    190.963     98.889    -55.030     17.772
      3.180    315.559     37.619    191.139     98.453    -55.082     17.507
      3.190    316.542     37.068    191.313     98.019    -55.134     17.244
      3.200    317.520     36.516    191.484     97.587    -55.185     16.982
      3.210    318.493     35.964    191.652     97.155    -55.234     16.721
      3.220    319.463     35.411    191.818     96.725    -55.283     16.462
      3.230    320.428     34.858    191.982     96.297    -55.331     16.205
      3.240    321.389     34.305    192.142     95.870    -55.377     15.948
      3.250    322.345     33.751    192.301     95.444    -55.422     15.693
      3.260    323.298     33.196    192.456     95.020    -55.467     15.440
      3.270    324.246     32.642    192.609     94.597    -55.510     15.187
      3.280    325.190     32.086    192.760     94.176    -55.553     14.936
      3.290    326.129     31.530    192.908     93.756    -55.594     14.687
      3.300    327.065     30.974    193.054     93.337    -55.635     14.439
      3.310    327.996     30.418    193.197     92.919    -55.674     14.192
      3.320    328.923     29.861    193.338     92.503    -55.713     13.946
      3.330    329.846     29.304    193.476     92.088    -55.750     13.702
      3.340    330.765     28.746    193.612     91.674    -55.787     13.458
      3.350    331.680     28.188    193.745     91.262    -55.823     13.217
      3.360    332.590     27.629    193.876     90.850    -55.858     12.976
      3.370    333.497     27.071    194.005     90.440    -55.892     12.736
      3.380    334.399     26.512    194.131     90.032    -55.925     12.498
      3.390    335.297     25.952    194.255     89.624    -55.958     12.261
      3.400    336.192     25.392    194.376     89.218    -55.989     12.025
      3.410    337.082     24.832    194.495     88.813    -56.020     11.791
      3.420    337.968     24.272    194.612     88.409    -56.049     11.557
      3.430    338.850     23.711    194.726     88.006    -56.078     11.325
      3.440    339.728     23.150    194.838     87.605    -56.106     11.094
      3.450    340.602     22.589    194.948     87.204    -56.134     10.864
      3.460    341.472     22.028    195.056     86.805    -56.160     10.635
      3.470    342.338     21.466    195.161     86.407    -56.186     10.407
      3.480    343.200     20.904    195.264     86.010    -56.211     10.180
      3.490    344.058     20.342    195.364     85.615    -56.235      9.955
      3.500    344.912     19.779    195.463     85.220    -56.258      9.730
      3.510    345.763     19.217    195.559     84.826    -56.281      9.507
      3.520    346.609     18.654    195.653     84.434    -56.302      9.284
      3.530    347.451     18.091    195.745     84.043    -56.324      9.063
      3.540    348.290     17.527    195.834     83.652    -56.344      8.843
      3.550    349.124     16.964    195.922     83.263    -56.363      8.624
      3.560    349.955     16.400    196.007     82.875    -56.382      8.405
      3.570    350.782     15.836    196.090     82.488    -56.400      8.188
      3.580    351.605     15.272    196.171     82.102    -56.418      7.972
      3.590    352.424     14.708    196.249     81.717    -56.435      7.757
      3.600    353.239     14.143    196.326     81.333    -56.451      7.543
      3.610    354.051     13.579    196.400     80.950    -56.466      7.329
      3.620    354.858     13.014    196.472     80.568    -56.481      7.117
      3.630    355.662     12.449    196.542     80.188    -56.495      6.906
      3.640    356.462     11.884    196.610     79.808    -56.508      6.696
      3.650    357.258     11.319    196.676     79.429    -56.521      6.486
      3.660    358.051     10.754    196.740     79.051    -56.532      6.278
      3.670    358.839     10.188    196.802     78.674    -56.544      6.070
      3.680    359.624      9.623    196.862     78.298    -56.554      5.864
      3.690    360.405      9.057    196.919     77.923    -56.565      5.658
      3.700    361.183      8.492    196.975     77.549    -56.574      5.453
      3.710    361.956      7.926    197.028     77.176    -56.583      5.249
      3.720    362.726      7.360    197.080     76.804    -56.591      5.046
      3.730    363.492      6.794    197.129     76.432    -56.598      4.844
      3.740    364.255      6.228    197.177     76.062    -56.605      4.643
      3.750    365.013      5.662    197.222     75.693    -56.612      4.443
      3.760    365.769      5.096    197.265     75.324    -56.617      4.243
      3.770    366.520      4.530    197.307     74.957    -56.622      4.045
      3.780    367.268      3.963    197.346     74.590    -56.627      3.847
      3.790    368.012      3.397    197.384     74.224    -56.631      3.650
      3.800    368.752      2.831    197.419     73.859    -56.634      3.454
      3.810    369.489      2.264    197.453     73.495    -56.637      3.259
      3.820    370.222      1.698    197.485     73.132    -56.639      3.064
      3.830    370.952      1.132    197.514     72.770    -56.641      2.871
      3.840    371.677      0.565    197.542     72.408    -56.642      2.678
      3.850    372.400     -0.001    197.568     72.048    -56.643      2.486
      3.860    373.118     -0.568    197.592     71.688    -56.643      2.295
      3.870    373.834     -1.134    197.614     71.329    -56.642      2.104
      3.880    374.545     -1.701    197.634     70.971    -56.641      1.914
      3.890    375.253     -2.267    197.652     70.613    -56.639      1.726
      3.900    375.957     -2.833    197.668     70.257    -56.637      1.537
      3.910    376.658     -3.400    197.683     69.901    -56.635      1.350
      3.920    377.355     -3.966    197.695     69.546    -56.631      1.163
      3.930    378.049     -4.532    197.706     69.192    -56.628      0.978
      3.940    378.739     -5.099    197.715     68.839    -56.623      0.792
      3.950    379.426     -5.665    197.722     68.486    -56.619      0.608
      3.960    380.109     -6.231    197.727     68.135    -56.613      0.424
      3.970    380.788     -6.797    197.730     67.784    -56.608      0.242
      3.980    381.465     -7.363    197.732     67.433    -56.601      0.059
      3.990    382.137     -7.929    197.732     67.084    -56.595     -0.122
      4.000    382.806     -8.495    197.729     66.735    -56.587     -0.303
      4.010    383.472     -9.061    197.725     66.387    -56.580     -0.483
      4.020    384.134     -9.627    197.720     66.040    -56.571     -0.662
      4.030    384.793    -10.192    197.712     65.694    -56.563     -0.841
      4.040    385.448    -10.758    197.703     65.348    -56.554     -1.019
      4.050    386.100    -11.323    197.692     65.003    -56.544     -1.196
      4.060    386.748    -11.889    197.679     64.658    -56.534     -1.373
      4.070    387.393    -12.454    197.664     64.315    -56.523     -1.549
      4.080    388.034    -13.019    197.648     63.972    -56.512     -1.724
      4.090    388.672    -13.584    197.630     63.630    -56.501     -1.899
      4.100    389.307    -14.149    197.610     63.288    -56.489     -2.073
      4.110    389.938    -14.714    197.588     62.947    -56.476     -2.246
      4.120    390.566    -15.279    197.565     62.607    -56.464     -2.419
      4.130    391.190    -15.843    197.540     62.268    -56.450     -2.591
      4.140    391.811    -16.408    197.513     61.929    -56.437     -2.762
      4.150    392.429    -16.972    197.485     61.591    -56.423     -2.933
      4.160    393.043    -17.536    197.455     61.254    -56.408     -3.103
      4.170    393.654    -18.100    197.423     60.917    -56.393     -3.272
      4.180    394.261    -18.664    197.389     60.581    -56.377     -3.441
      4.190    394.865    -19.228    197.354     60.245    -56.362     -3.610
      4.200    395.466    -19.791    197.317     59.910    -56.345     -3.777
      4.210    396.064    -20.355    197.278     59.576    -56.329     -3.944
      4.220    396.658    -20.918    197.238     59.242    -56.311     -4.111
      4.230    397.248    -21.481    197.196     58.910    -56.294     -4.277
      4.240    397.836    -22.044    197.153     58.577    -56.276     -4.442
      4.250    398.420    -22.606    197.107     58.246    -56.257     -4.607
      4.260    399.001    -23.169    197.060     57.914    -56.239     -4.771
      4.270    399.578    -23.731    197.012     57.584    -56.219     -4.934
      4.280    400.153    -24.293    196.962     57.254    -56.200     -5.097
      4.290    400.723    -24.855    196.910     56.925    -56.180     -5.260
      4.300    401.291    -25.417    196.857     56.596    -56.160     -5.421
      4.310    401.855    -25.978    196.802     56.268    -56.139     -5.583
      4.320    402.416    -26.540    196.745     55.941    -56.118     -5.743
      4.330    402.974    -27.101    196.687     55.614    -56.096     -5.903
      4.340    403.529    -27.662    196.627     55.287    -56.074     -6.063
      4.350    404.080    -28.222    196.565     54.961    -56.052     -6.222
      4.360    404.628    -28.783    196.502     54.636    -56.029     -6.381
      4.370    405.173    -29.343    196.438     54.312    -56.006     -6.538
      4.380    405.714    -29.903    196.372     53.988    -55.982     -6.696
      4.390    406.252    -30.462    196.304     53.664    -55.959     -6.853
      4.400    406.787    -31.022    196.235     53.341    -55.934     -7.009
      4.410    407.319    -31.581    196.164     53.019    -55.910     -7.165
      4.420    407.848    -32.140    196.091     52.697    -55.885     -7.320
      4.430    408.373    -32.699    196.017     52.375    -55.860     -7.475
      4.440    408.895    -33.257    195.942     52.054    -55.834     -7.629
      4.450    409.414    -33.815    195.865     51.734    -55.808     -7.783
      4.460    409.930    -34.373    195.786     51.414    -55.781     -7.936
      4.470    410.443    -34.931    195.706     51.095    -55.755     -8.089
      4.480    410.952    -35.488    195.624     50.776    -55.727     -8.241
      4.490    411.458    -36.046    195.541     50.458    -55.700     -8.393
      4.500    411.961    -36.602    195.457     50.140    -55.672     -8.544
      4.510    412.461    -37.159    195.370     49.823    -55.644     -8.695
      4.520    412.958    -37.715    195.283     49.506    -55.615     -8.846
      4.530    413.451    -38.271    195.193     49.190    -55.587     -8.995
      4.540    413.941    -38.827    195.103     48.875    -55.557     -9.145
      4.550    414.428    -39.383    195.011     48.559    -55.528     -9.294
      4.560    414.913    -39.938    194.917     48.244    -55.498     -9.442
      4.570    415.393    -40.492    194.822     47.930    -55.468     -9.590
      4.580    415.871    -41.047    194.725     47.616    -55.437     -9.737
      4.590    416.346    -41.601    194.627     47.303    -55.406     -9.884
      4.600    416.817    -42.155    194.527     46.990    -55.375    -10.031
      4.610    417.286    -42.709    194.426     46.678    -55.343    -10.177
      4.620    417.751    -43.262    194.324     46.366    -55.311    -10.323
      4.630    418.213    -43.815    194.220     46.054    -55.279    -10.468
      4.640    418.672    -44.368    194.114     45.743    -55.246    -10.612
      4.650    419.128    -44.920    194.008     45.433    -55.214    -10.757
      4.660    419.580    -45.472    193.899     45.123    -55.180    -10.900
      4.670    420.030    -46.023    193.790     44.813    -55.147    -11.044
      4.680    420.477    -46.575    193.678     44.504    -55.113    -11.187
      4.690    420.920    -47.126    193.566     44.195    -55.079    -11.329
      4.700    421.361    -47.676    193.452     43.886    -55.044    -11.471
      4.710    421.798    -48.227    193.336     43.578    -55.009    -11.613
      4.720    422.232    -48.777    193.220     43.271    -54.974    -11.754
      4.730    422.663    -49.326    193.101     42.964    -54.939    -11.895
      4.740    423.091    -49.875    192.982     42.657    -54.903    -12.035
      4.750    423.517    -50.424    192.861     42.351    -54.867    -12.175
      4.760    423.939    -50.973    192.738     42.045    -54.830    -12.315
      4.770    424.357    -51.521    192.614     41.740    -54.794    -12.454
      4.780    424.773    -52.068    192.489     41.434    -54.757    -12.593
      4.790    425.186    -52.616    192.363     41.130    -54.719    -12.731
      4.800    425.596    -53.163    192.235     40.826    -54.682    -12.869
      4.810    426.003    -53.709    192.105     40.522    -54.644    -13.007
      4.820    426.406    -54.256    191.974     40.218    -54.605    -13.144
      4.830    426.807    -54.802    191.842     39.915    -54.567    -13.280
      4.840    427.205    -55.347    191.709     39.612    -54.528    -13.417
      4.850    427.599    -55.892    191.574     39.310    -54.489    -13.553
      4.860    427.991    -56.437    191.438     39.008    -54.449    -13.688
      4.870    428.379    -56.981    191.300     38.707    -54.409    -13.823
      4.880    428.765    -57.525    191.161     38.405    -54.369    -13.958
      4.890    429.148    -58.069    191.021     38.104    -54.329    -14.092
      4.900    429.527    -58.612    190.879     37.804    -54.288    -14.226
      4.910    429.904    -59.154    190.737     37.504    -54.247    -14.360
      4.920    430.277    -59.697    190.592     37.204    -54.206    -14.493
      4.930    430.648    -60.238    190.447     36.905    -54.165    -14.626
      4.940    431.015    -60.780    190.300     36.606    -54.123    -14.759
      4.950    431.380    -61.321    190.151     36.307    -54.081    -14.891
      4.960    431.741    -61.861    190.002     36.009    -54.038    -15.023
      4.970    432.100    -62.402    189.851     35.711    -53.996    -15.154
      4.980    432.456    -62.941    189.699     35.413    -53.953    -15.285
      4.990    432.808    -63.481    189.545     35.116    -53.909    -15.416
      5.000    433.158    -64.020    189.391     34.819    -53.866    -15.546
      5.010    433.505    -64.558    189.234     34.522    -53.822    -15.676
      5.020    433.848    -65.096    189.077     34.226    -53.778    -15.806
      5.030    434.189    -65.634    188.918     33.930    -53.733    -15.935
      5.040    434.527    -66.171    188.758     33.634    -53.689    -16.064
      5.050    434.862    -66.707    188.597     33.338    -53.644    -16.192
      5.060    435.194    -67.244    188.434     33.043    -53.598    -16.321
      5.070    435.523    -67.779    188.271     32.749    -53.553    -16.448
      5.080    435.849    -68.315    188.105     32.454    -53.507    -16.576
      5.090    436.172    -68.849    187.939     32.160    -53.461    -16.703
      5.100    436.492    -69.384    187.771     31.866    -53.415    -16.830
      5.110    436.809    -69.918    187.602     31.573    -53.368    -16.956
      5.120    437.123    -70.451    187.432     31.279    -53.321    -17.083
      5.130    437.435    -70.984    187.261     30.986    -53.274    -17.209
      5.140    437.743    -71.517    187.088     30.694    -53.226    -17.334
      5.150    438.049    -72.049    186.914     30.401    -53.179    -17.459
      5.160    438.351    -72.580    186.739     30.109    -53.130    -17.584
      5.170    438.651    -73.111    186.562     29.818    -53.082    -17.709
      5.180    438.947    -73.642    186.385     29.526    -53.034    -17.833
      5.190    439.241    -74.172    186.206     29.235    -52.985    -17.957
      5.200    439.532    -74.702    186.026     28.944    -52.936    -18.080
      5.210    439.820    -75.231    185.844     28.653    -52.886    -18.204
      5.220    440.105    -75.759    185.662     28.363    -52.837    -18.327
      5.230    440.387    -76.287    185.478     28.073    -52.787    -18.449
      5.240    440.667    -76.815    185.293     27.783    -52.736    -18.571
      5.250    440.943    -77.342    185.106     27.493    -52.686    -18.693
      5.260    441.217    -77.869    184.919     27.204    -52.635    -18.815
      5.270    441.487    -78.395    184.730     26.915    -52.584    -18.937
      5.280    441.755    -78.920    184.540     26.626    -52.533    -19.058
      5.290    442.020    -79.445    184.349     26.337    -52.481    -19.178
      5.300    442.282    -79.970    184.156     26.049    -52.429    -19.299
      5.310    442.541    -80.494    183.963     25.761    -52.377    -19.419
      5.320    442.797    -81.018    183.768     25.473    -52.325    -19.539
      5.330    443.050    -81.541    183.572     25.185    -52.272    -19.659
      5.340    443.301    -82.063    183.375     24.898    -52.219    -19.778
      5.350    443.548    -82.585    183.176     24.611    -52.166    -19.897
      5.360    443.793    -83.106    182.977     24.324    -52.113    -20.016
      5.370    444.035    -83.627    182.776     24.037    -52.059    -20.134
      5.380    444.273    -84.148    182.574     23.751    -52.005    -20.252
      5.390    444.510    -84.667    182.371     23.465    -51.951    -20.370
      5.400    444.743    -85.187    182.167     23.179    -51.897    -20.488
      5.410    444.973    -85.705    181.961     22.893    -51.842    -20.605
      5.420    445.201    -86.223    181.755     22.607    -51.787    -20.722
      5.430    445.425    -86.741    181.547     22.322    -51.732    -20.839
      5.440    445.647    -87.258    181.338     22.037    -51.676    -20.955
      5.450    445.866    -87.774    181.128     21.752    -51.620    -21.071
      5.460    446.082    -88.290    180.917     21.467    -51.564    -21.187
      5.470    446.295    -88.806    180.704     21.183    -51.508    -21.303
      5.480    446.506    -89.321    180.491     20.899    -51.451    -21.418
      5.490    446.713    -89.835    180.276     20.614    -51.395    -21.533
      5.500    446.918    -90.348    180.060     20.331    -51.337    -21.648
      5.510    447.120    -90.862    179.843     20.047    -51.280    -21.762
      5.520    447.319    -91.374    179.625     19.763    -51.222    -21.877
      5.530    447.515    -91.886    179.405     19.480    -51.165    -21.991
      5.540    447.709    -92.397    179.185     19.197    -51.106    -22.104
      5.550    447.899    -92.908    178.963     18.914    -51.048    -22.218
      5.560    448.087    -93.418    178.740     18.631    -50.989    -22.331
      5.570    448.272    -93.928    178.517     18.349    -50.931    -22.444
      5.580    448.454    -94.437    178.292     18.066    -50.871    -22.557
      5.590    448.633    -94.945    178.065     17.784    -50.812    -22.669
      5.600    448.810    -95.453    177.838     17.502    -50.752    -22.781
      5.610    448.983    -95.960    177.610     17.220    -50.692    -22.893
      5.620    449.154    -96.467    177.380     16.939    -50.632    -23.005
      5.630    449.322    -96.973    177.150     16.657    -50.572    -23.116
      5.640    449.487    -97.478    176.918     16.376    -50.511    -23.227
      5.650    449.649    -97.983    176.685     16.095    -50.450    -23.338
      5.660    449.809    -98.487    176.451     15.813    -50.389    -23.449
      5.670    449.966    -98.991    176.216     15.533    -50.327    -23.559
      5.680    450.120    -99.494    175.980     15.252    -50.265    -23.669
      5.690    450.271    -99.996    175.743     14.971    -50.203    -23.779
      5.700    450.419   -100.498    175.504     14.691    -50.141    -23.889
      5.710    450.565   -100.999    175.265     14.411    -50.079    -23.998
      5.720    450.707   -101.500    175.024     14.131    -50.016    -24.108
      5.730    450.847   -101.999    174.783     13.851    -49.953    -24.217
      5.740    450.984   -102.499    174.540     13.571    -49.889    -24.325
      5.750    451.119   -102.997    174.296     13.291    -49.826    -24.434
      5.760    451.250   -103.495    174.051     13.012    -49.762    -24.542
      5.770    451.379   -103.992    173.806     12.732    -49.698    -24.650
      5.780    451.505   -104.489    173.558     12.453    -49.634    -24.758
      5.790    451.628   -104.985    173.310     12.174    -49.569    -24.865
      5.800    451.748   -105.481    173.061     11.895    -49.504    -24.973
      5.810    451.866   -105.975    172.811     11.616    -49.439    -25.080
      5.820    451.981   -106.469    172.560     11.337    -49.374    -25.186
      5.830    452.093   -106.963    172.307     11.058    -49.308    -25.293
      5.840    452.202   -107.455    172.054     10.780    -49.242    -25.399
      5.850    452.308   -107.948    171.799     10.501    -49.176    -25.506
      5.860    452.412   -108.439    171.544     10.223    -49.110    -25.612
      5.870    452.513   -108.930    171.287      9.945    -49.043    -25.717
      5.880    452.611   -109.420    171.029      9.667    -48.976    -25.823
      5.890    452.706   -109.909    170.771      9.389    -48.909    -25.928
      5.900    452.798   -110.398    170.511      9.111    -48.841    -26.033
      5.910    452.888   -110.886    170.250      8.833    -48.774    -26.138
      5.920    452.975   -111.373    169.988      8.556    -48.706    -26.242
      5.930    453.059   -111.860    169.725      8.278    -48.637    -26.347
      5.940    453.141   -112.346    169.461      8.001    -48.569    -26.451
      5.950    453.219   -112.832    169.196      7.723    -48.500    -26.555
      5.960    453.295   -113.316    168.930      7.446    -48.431    -26.659
      5.970    453.368   -113.800    168.663      7.169    -48.362    -26.762
      5.980    453.439   -114.283    168.395      6.892    -48.292    -26.865
      5.990    453.506   -114.766    168.126      6.615    -48.222    -26.968
      6.000    453.571   -115.248    167.855      6.338    -48.152    -27.071
      6.010    453.633   -115.729    167.584      6.061    -48.082    -27.174
      6.020    453.692   -116.210    167.312      5.785    -48.011    -27.276
      6.030    453.749   -116.689    167.039      5.508    -47.941    -27.379
      6.040    453.802   -117.168    166.764      5.231    -47.869    -27.481
      6.050    453.853   -117.647    166.489      4.955    -47.798    -27.582
      6.060    453.901   -118.124    166.213      4.679    -47.726    -27.684
      6.070    453.947   -118.601    165.935      4.402    -47.655    -27.785
      6.080    453.989   -119.077    165.657      4.126    -47.582    -27.887
      6.090    454.029   -119.553    165.378      3.850    -47.510    -27.988
      6.100    454.066   -120.028    165.097      3.574    -47.437    -28.088
      6.110    454.101   -120.502    164.816      3.298    -47.364    -28.189
      6.120    454.132   -120.975    164.533      3.021    -47.291    -28.289
      6.130    454.161   -121.447    164.250      2.746    -47.217    -28.390
      6.140    454.187   -121.919    163.966      2.470    -47.144    -28.490
      6.150    454.211   -122.390    163.680      2.194    -47.070    -28.589
      6.160    454.231   -122.861    163.394      1.918    -46.995    -28.689
      6.170    454.249   -123.330    163.106      1.642    -46.921    -28.788
      6.180    454.264   -123.799    162.818      1.367    -46.846    -28.888
      6.190    454.276   -124.267    162.529      1.091    -46.771    -28.987
      6.200    454.286   -124.734    162.238      0.815    -46.695    -29.086
      6.210    454.293   -125.201    161.947      0.540    -46.620    -29.184
      6.220    454.297   -125.667    161.655      0.264    -46.544    -29.283
      6.230    454.298   -126.132    161.361     -0.011    -46.468    -29.381
      6.240    454.296   -126.596    161.067     -0.287    -46.391    -29.479
      6.250    454.292   -127.060    160.772     -0.562    -46.314    -29.577
      6.260    454.285   -127.522    160.475     -0.838    -46.237    -29.674
      6.270    454.275   -127.984    160.178     -1.113    -46.160    -29.772
      6.280    454.263   -128.446    159.880     -1.388    -46.082    -29.869
      6.290    454.248   -128.906    159.581     -1.664    -46.005    -29.966
      6.300    454.230   -129.366    159.281     -1.939    -45.926    -30.063
      6.310    454.209   -129.825    158.980     -2.214    -45.848    -30.160
      6.320    454.185   -130.283    158.678     -2.489    -45.769    -30.257
      6.330    454.159   -130.740    158.374     -2.765    -45.690    -30.353
      6.340    454.130   -131.197    158.070     -3.040    -45.611    -30.449
      6.350    454.098   -131.652    157.765     -3.315    -45.532    -30.545
      6.360    454.064   -132.107    157.460     -3.590    -45.452    -30.641
      6.370    454.026   -132.561    157.153     -3.865    -45.372    -30.737
      6.380    453.986   -133.015    156.845     -4.141    -45.292    -30.832
      6.390    453.944   -133.467    156.536     -4.416    -45.211    -30.927
      6.400    453.898   -133.919    156.226     -4.691    -45.130    -31.022
      6.410    453.850   -134.370    155.916     -4.966    -45.049    -31.117
      6.420    453.799   -134.820    155.604     -5.241    -44.967    -31.212
      6.430    453.745   -135.269    155.291     -5.517    -44.886    -31.307
      6.440    453.688   -135.717    154.978     -5.792    -44.804    -31.401
      6.450    453.629   -136.165    154.663     -6.067    -44.721    -31.495
      6.460    453.567   -136.612    154.348     -6.342    -44.639    -31.589
      6.470    453.502   -137.058    154.032     -6.617    -44.556    -31.683
      6.480    453.435   -137.503    153.714     -6.893    -44.473    -31.777
      6.490    453.364   -137.947    153.396     -7.168    -44.389    -31.870
      6.500    453.291   -138.391    153.077     -7.443    -44.305    -31.964
      6.510    453.216   -138.833    152.757     -7.718    -44.221    -32.057
      6.520    453.137   -139.275    152.436     -7.994    -44.137    -32.150
      6.530    453.056   -139.716    152.114     -8.269    -44.052    -32.243
      6.540    452.972   -140.156    151.791     -8.544    -43.967    -32.336
      6.550    452.885   -140.596    151.467     -8.820    -43.882    -32.428
      6.560    452.795   -141.034    151.142     -9.095    -43.797    -32.520
      6.570    452.703   -141.471    150.817     -9.371    -43.711    -32.612
      6.580    452.608   -141.908    150.490     -9.646    -43.625    -32.704
      6.590    452.510   -142.344    150.163     -9.922    -43.538    -32.796
      6.600    452.409   -142.779    149.834    -10.197    -43.452    -32.888
      6.610    452.306   -143.213    149.505    -10.473    -43.365    -32.979
      6.620    452.200   -143.646    149.174    -10.748    -43.277    -33.071
      6.630    452.091   -144.079    148.843    -11.024    -43.190    -33.162
      6.640    451.979   -144.510    148.511    -11.300    -43.102    -33.253
      6.650    451.865   -144.941    148.178    -11.576    -43.014    -33.344
      6.660    451.748   -145.370    147.844    -11.852    -42.925    -33.434
      6.670    451.628   -145.799    147.510    -12.127    -42.837    -33.525
      6.680    451.505   -146.227    147.174    -12.403    -42.747    -33.615
      6.690    451.380   -146.654    146.837    -12.679    -42.658    -33.706
      6.700    451.252   -147.080    146.500    -12.955    -42.568    -33.796
      6.710    451.121   -147.505    146.161    -13.232    -42.478    -33.885
      6.720    450.987   -147.930    145.822    -13.508    -42.388    -33.975
      6.730    450.851   -148.353    145.482    -13.784    -42.297    -34.065
      6.740    450.711   -148.776    145.141    -14.060    -42.207    -34.154
      6.750    450.569   -149.197    144.799    -14.337    -42.115    -34.243
      6.760    450.425   -149.618    144.456    -14.613    -42.024    -34.332
      6.770    450.277   -150.038    144.112    -14.890    -41.932    -34.421
      6.780    450.127   -150.457    143.767    -15.166    -41.840    -34.510
      6.790    449.974   -150.875    143.422    -15.443    -41.747    -34.599
      6.800    449.818   -151.292    143.076    -15.720    -41.654    -34.687
      6.810    449.659   -151.708    142.728    -15.997    -41.561    -34.775
      6.820    449.498   -152.123    142.380    -16.274    -41.468    -34.863
      6.830    449.334   -152.537    142.031    -16.551    -41.374    -34.951
      6.840    449.167   -152.950    141.681    -16.828    -41.280    -35.039
      6.850    448.997   -153.363    141.330    -17.105    -41.186    -35.127
      6.860    448.825   -153.774    140.978    -17.382    -41.091    -35.214
      6.870    448.650   -154.184    140.626    -17.660    -40.996    -35.302
      6.880    448.472   -154.594    140.272    -17.937    -40.900    -35.389
      6.890    448.291   -155.002    139.918    -18.215    -40.805    -35.476
      6.900    448.108   -155.410    139.563    -18.493    -40.709    -35.563
      6.910    447.921   -155.817    139.207    -18.771    -40.612    -35.650
      6.920    447.732   -156.222    138.850    -19.048    -40.516    -35.736
      6.930    447.540   -156.627    138.492    -19.327    -40.419    -35.823
      6.940    447.346   -157.031    138.133    -19.605    -40.321    -35.909
      6.950    447.148   -157.433    137.774    -19.883    -40.224    -35.995
      6.960    446.948   -157.835    137.414    -20.161    -40.126    -36.081
      6.970    446.745   -158.236    137.052    -20.440    -40.027    -36.167
      6.980    446.539   -158.636    136.690    -20.718    -39.929    -36.253
      6.990    446.331   -159.034    136.327    -20.997    -39.830    -36.338
      7.000    446.119   -159.432    135.963    -21.276    -39.730    -36.424
      7.010    445.905   -159.829    135.599    -21.555    -39.631    -36.509
      7.020    445.688   -160.225    135.233    -21.834    -39.530    -36.594
      7.030    445.468   -160.620    134.867    -22.113    -39.430    -36.679
      7.040    445.246   -161.013    134.500    -22.393    -39.329    -36.764
      7.050    445.020   -161.406    134.132    -22.672    -39.228    -36.848
      7.060    444.792   -161.798    133.763    -22.952    -39.127    -36.933
      7.070    444.561   -162.189    133.393    -23.232    -39.025    -37.017
      7.080    444.328   -162.578    133.022    -23.512    -38.923    -37.102
      7.090    444.091   -162.967    132.651    -23.792    -38.820    -37.186
      7.100    443.852   -163.355    132.279    -24.072    -38.718    -37.270
      7.110    443.610   -163.742    131.906    -24.353    -38.614    -37.353
      7.120    443.365   -164.127    131.532    -24.633    -38.511    -37.437
      7.130    443.117   -164.512    131.157    -24.914    -38.407    -37.521
      7.140    442.867   -164.895    130.781    -25.195    -38.303    -37.604
      7.150    442.613   -165.278    130.405    -25.476    -38.198    -37.687
      7.160    442.357   -165.659    130.027    -25.757    -38.093    -37.770
      7.170    442.098   -166.040    129.649    -26.038    -37.988    -37.853
      7.180    441.836   -166.419    129.270    -26.320    -37.882    -37.936
      7.190    441.572   -166.797    128.891    -26.601    -37.776    -38.019
      7.200    441.304   -167.175    128.510    -26.883    -37.669    -38.101
      7.210    441.034   -167.551    128.129    -27.165    -37.563    -38.183
      7.220    440.761   -167.926    127.746    -27.447    -37.455    -38.266
      7.230    440.485   -168.300    127.363    -27.730    -37.348    -38.348
      7.240    440.206   -168.673    126.979    -28.012    -37.240    -38.430
      7.250    439.925   -169.045    126.595    -28.295    -37.132    -38.511
      7.260    439.640   -169.415    126.209    -28.578    -37.023    -38.593
      7.270    439.353   -169.785    125.823    -28.861    -36.914    -38.675
      7.280    439.063   -170.154    125.436    -29.144    -36.804    -38.756
      7.290    438.770   -170.521    125.048    -29.428    -36.694    -38.837
      7.300    438.475   -170.888    124.659    -29.711    -36.584    -38.918
      7.310    438.176   -171.253    124.269    -29.995    -36.473    -38.999
      7.320    437.875   -171.617    123.879    -30.279    -36.362    -39.080
      7.330    437.571   -171.980    123.488    -30.564    -36.251    -39.161
      7.340    437.263   -172.342    123.096    -30.848    -36.139    -39.241
      7.350    436.954   -172.703    122.703    -31.133    -36.027    -39.321
      7.360    436.641   -173.063    122.309    -31.418    -35.914    -39.402
      7.370    436.325   -173.421    121.915    -31.703    -35.801    -39.482
      7.380    436.007   -173.779    121.520    -31.988    -35.688    -39.562
      7.390    435.685   -174.135    121.124    -32.274    -35.574    -39.642
      7.400    435.361   -174.490    120.727    -32.559    -35.460    -39.721
      7.410    435.034   -174.844    120.329    -32.845    -35.345    -39.801
      7.420    434.704   -175.197    119.931    -33.132    -35.230    -39.880
      7.430    434.372   -175.549    119.532    -33.418    -35.115    -39.959
      7.440    434.036   -175.899    119.132    -33.705    -34.999    -40.039
      7.450    433.698   -176.249    118.731    -33.991    -34.883    -40.117
      7.460    433.356   -176.597    118.329    -34.279    -34.766    -40.196
      7.470    433.012   -176.944    117.927    -34.566    -34.649    -40.275
      7.480    432.665   -177.290    117.524    -34.854    -34.532    -40.354
      7.490    432.315   -177.635    117.120    -35.141    -34.414    -40.432
      7.500    431.962   -177.978    116.715    -35.429    -34.295    -40.510
      7.510    431.606   -178.321    116.310    -35.718    -34.176    -40.588
      7.520    431.248   -178.662    115.903    -36.006    -34.057    -40.666
      7.530    430.886   -179.002    115.496    -36.295    -33.938    -40.744
      7.540    430.522   -179.340    115.088    -36.584    -33.817    -40.822
      7.550    430.155   -179.678    114.680    -36.874    -33.697    -40.900
      7.560    429.784   -180.014    114.270    -37.163    -33.576    -40.977
      7.570    429.411   -180.350    113.860    -37.453    -33.455    -41.054
      7.580    429.035   -180.683    113.449    -37.743    -33.333    -41.132
      7.590    428.656   -181.016    113.038    -38.034    -33.210    -41.209
      7.600    428.275   -181.348    112.625    -38.324    -33.088    -41.285
      7.610    427.890   -181.678    112.212    -38.615    -32.964    -41.362
      7.620    427.502   -182.007    111.798    -38.906    -32.841    -41.439
      7.630    427.112   -182.335    111.383    -39.198    -32.717    -41.515
      7.640    426.718   -182.661    110.968    -39.490    -32.592    -41.592
      7.650    426.322   -182.987    110.551    -39.782    -32.467    -41.668
      7.660    425.923   -183.311    110.134    -40.074    -32.342    -41.744
      7.670    425.520   -183.633    109.717    -40.367    -32.216    -41.820
      7.680    425.115   -183.955    109.298    -40.660    -32.089    -41.896
      7.690    424.707   -184.275    108.879    -40.953    -31.962    -41.971
      7.700    424.296   -184.594    108.459    -41.246    -31.835    -42.047
      7.710    423.882   -184.912    108.038    -41.540    -31.707    -42.122
      7.720    423.465   -185.228    107.616    -41.834    -31.579    -42.197
      7.730    423.046   -185.543    107.194    -42.129    -31.450    -42.272
      7.740    422.623   -185.857    106.771    -42.424    -31.321    -42.347
      7.750    422.197   -186.170    106.347    -42.719    -31.191    -42.422
      7.760    421.769   -186.481    105.922    -43.014    -31.061    -42.497
      7.770    421.337   -186.791    105.497    -43.310    -30.930    -42.571
      7.780    420.902   -187.100    105.071    -43.606    -30.799    -42.646
      7.790    420.465   -187.407    104.644    -43.902    -30.667    -42.720
      7.800    420.024   -187.713    104.216    -44.199    -30.535    -42.794
      7.810    419.581   -188.018    103.788    -44.496    -30.402    -42.868
      7.820    419.134   -188.321    103.359    -44.793    -30.269    -42.942
      7.830    418.685   -188.623    102.929    -45.091    -30.135    -43.015
      7.840    418.233   -188.924    102.499    -45.389    -30.001    -43.089
      7.850    417.777   -189.223    102.067    -45.687    -29.866    -43.162
      7.860    417.319   -189.521    101.635    -45.986    -29.731    -43.236
      7.870    416.857   -189.818    101.203    -46.285    -29.595    -43.309
      7.880    416.393   -190.113    100.769    -46.584    -29.459    -43.382
      7.890    415.926   -190.407    100.335    -46.884    -29.322    -43.454
      7.900    415.455   -190.699     99.900    -47.184    -29.184    -43.527
      7.910    414.982   -190.991     99.465    -47.485    -29.047    -43.600
      7.920    414.506   -191.280     99.028    -47.785    -28.908    -43.672
      7.930    414.026   -191.569     98.591    -48.087    -28.769    -43.744
      7.940    413.544   -191.856     98.153    -48.388    -28.630    -43.816
      7.950    413.059   -192.141     97.715    -48.690    -28.489    -43.888
      7.960    412.570   -192.426     97.276    -48.993    -28.349    -43.960
      7.970    412.079   -192.708     96.836    -49.295    -28.208    -44.032
      7.980    411.584   -192.990     96.395    -49.598    -28.066    -44.103
      7.990    411.087   -193.270     95.954    -49.902    -27.924    -44.174
      8.000    410.586   -193.548     95.511    -50.206    -27.781    -44.246
      8.010    410.083   -193.825     95.069    -50.510    -27.637    -44.317
      8.020    409.576   -194.101     94.625    -50.815    -27.493    -44.388
      8.030    409.066   -194.375     94.181    -51.120    -27.349    -44.458
      8.040    408.554   -194.648     93.736    -51.425    -27.203    -44.529
      8.050    408.038   -194.919     93.290    -51.731    -27.058    -44.599
      8.060    407.519   -195.189     92.844    -52.038    -26.911    -44.670
      8.070    406.997   -195.457     92.397    -52.344    -26.765    -44.740
      8.080    406.472   -195.724     91.949    -52.651    -26.617    -44.810
      8.090    405.944   -195.990     91.501    -52.959    -26.469    -44.880
      8.100    405.413   -196.254     91.052    -53.267    -26.320    -44.949
      8.110    404.879   -196.516     90.602    -53.575    -26.171    -45.019
      8.120    404.341   -196.777     90.151    -53.884    -26.021    -45.088
      8.130    403.801   -197.037     89.700    -54.193    -25.871    -45.158
      8.140    403.258   -197.295     89.248    -54.503    -25.719    -45.227
      8.150    402.711   -197.551     88.795    -54.813    -25.568    -45.296
      8.160    402.161   -197.806     88.342    -55.124    -25.415    -45.364
      8.170    401.609   -198.059     87.888    -55.435    -25.262    -45.433
      8.180    401.053   -198.311     87.433    -55.747    -25.109    -45.501
      8.190    400.494   -198.561     86.978    -56.059    -24.954    -45.570
      8.200    399.931   -198.810     86.522    -56.371    -24.799    -45.638
      8.210    399.366   -199.057     86.065    -56.684    -24.644    -45.706
      8.220    398.798   -199.303     85.608    -56.997    -24.488    -45.774
      8.230    398.226   -199.547     85.150    -57.311    -24.331    -45.841
      8.240    397.652   -199.790     84.691    -57.625    -24.173    -45.909
      8.250    397.074   -200.031     84.232    -57.940    -24.015    -45.976
      8.260    396.493   -200.270     83.772    -58.256    -23.856    -46.043
      8.270    395.909   -200.508     83.311    -58.571    -23.697    -46.110
      8.280    395.321   -200.744     82.849    -58.888    -23.537    -46.177
      8.290    394.731   -200.979     82.387    -59.204    -23.376    -46.244
      8.300    394.137   -201.211     81.925    -59.522    -23.214    -46.310
      8.310    393.540   -201.443     81.461    -59.839    -23.052    -46.377
      8.320    392.940   -201.673     80.997    -60.158    -22.889    -46.443
      8.330    392.337   -201.901     80.532    -60.477    -22.725    -46.509
      8.340    391.731   -202.127     80.067    -60.796    -22.561    -46.575
      8.350    391.121   -202.352     79.601    -61.116    -22.396    -46.640
      8.360    390.509   -202.575     79.134    -61.436    -22.230    -46.706
      8.370    389.893   -202.796     78.667    -61.757    -22.064    -46.771
      8.380    389.273   -203.016     78.199    -62.078    -21.897    -46.836
      8.390    388.651   -203.234     77.730    -62.400    -21.729    -46.901
      8.400    388.025   -203.451     77.261    -62.723    -21.560    -46.966
      8.410    387.397   -203.666     76.791    -63.046    -21.391    -47.031
      8.420    386.764   -203.879     76.320    -63.370    -21.221    -47.095
      8.430    386.129   -204.090     75.849    -63.694    -21.050    -47.160
      8.440    385.491   -204.300     75.377    -64.018    -20.878    -47.224
      8.450    384.849   -204.507     74.904    -64.344    -20.706    -47.288
      8.460    384.204   -204.714     74.431    -64.670    -20.533    -47.351
      8.470    383.555   -204.918     73.957    -64.996    -20.359    -47.415
      8.480    382.904   -205.121     73.483    -65.323    -20.184    -47.478
      8.490    382.249   -205.322     73.008    -65.651    -20.008    -47.541
      8.500    381.591   -205.521     72.532    -65.979    -19.832    -47.604
      8.510    380.929   -205.718     72.055    -66.308    -19.655    -47.667
      8.520    380.265   -205.914     71.579    -66.637    -19.477    -47.730
      8.530    379.597   -206.108     71.101    -66.967    -19.299    -47.792
      8.540    378.925   -206.300     70.623    -67.298    -19.119    -47.855
      8.550    378.251   -206.490     70.144    -67.629    -18.939    -47.917
      8.560    377.573   -206.679     69.664    -67.961    -18.758    -47.978
      8.570    376.891   -206.866     69.184    -68.293    -18.576    -48.040
      8.580    376.207   -207.050     68.704    -68.626    -18.393    -48.102
      8.590    375.519   -207.233     68.222    -68.960    -18.209    -48.163
      8.600    374.828   -207.415     67.740    -69.294    -18.025    -48.224
      8.610    374.133   -207.594     67.258    -69.629    -17.839    -48.285
      8.620    373.435   -207.771     66.775    -69.965    -17.653    -48.345
      8.630    372.734   -207.947     66.291    -70.301    -17.466    -48.406
      8.640    372.029   -208.121     65.806    -70.638    -17.278    -48.466
      8.650    371.321   -208.292     65.322    -70.975    -17.089    -48.526
      8.660    370.610   -208.462     64.836    -71.314    -16.899    -48.586
      8.670    369.895   -208.630     64.350    -71.652    -16.709    -48.646
      8.680    369.176   -208.797     63.863    -71.992    -16.517    -48.705
      8.690    368.455   -208.961     63.376    -72.332    -16.325    -48.764
      8.700    367.730   -209.123     62.888    -72.673    -16.132    -48.823
      8.710    367.001   -209.283     62.399    -73.015    -15.937    -48.882
      8.720    366.270   -209.442     61.910    -73.357    -15.742    -48.941
      8.730    365.534   -209.598     61.420    -73.700    -15.546    -48.999
      8.740    364.796   -209.753     60.930    -74.044    -15.349    -49.057
      8.750    364.053   -209.905     60.439    -74.389    -15.151    -49.115
      8.760    363.308   -210.056     59.948    -74.734    -14.952    -49.173
      8.770    362.559   -210.204     59.456    -75.080    -14.752    -49.230
      8.780    361.806   -210.351     58.963    -75.426    -14.551    -49.287
      8.790    361.050   -210.495     58.470    -75.774    -14.349    -49.344
      8.800    360.291   -210.638     57.976    -76.122    -14.146    -49.401
      8.810    359.528   -210.778     57.482    -76.471    -13.942    -49.457
      8.820    358.761   -210.917     56.987    -76.820    -13.737    -49.514
      8.830    357.991   -211.053     56.492    -77.171    -13.531    -49.570
      8.840    357.218   -211.187     55.996    -77.522    -13.324    -49.625
      8.850    356.441   -211.319     55.499    -77.874    -13.116    -49.681
      8.860    355.660   -211.449     55.002    -78.226    -12.907    -49.736
      8.870    354.876   -211.578     54.505    -78.580    -12.696    -49.791
      8.880    354.089   -211.703     54.006    -78.934    -12.485    -49.846
      8.890    353.298   -211.827     53.508    -79.289    -12.273    -49.901
      8.900    352.503   -211.949     53.008    -79.645    -12.060    -49.955
      8.910    351.705   -212.068     52.509    -80.002    -11.845    -50.009
      8.920    350.903   -212.186     52.008    -80.359    -11.630    -50.063
      8.930    350.098   -212.301     51.507    -80.718    -11.413    -50.116
      8.940    349.289   -212.414     51.006    -81.077    -11.195    -50.169
      8.950    348.476   -212.525     50.504    -81.437    -10.976    -50.222
      8.960    347.660   -212.634     50.001    -81.798    -10.756    -50.275
      8.970    346.840   -212.740     49.498    -82.159    -10.535    -50.327
      8.980    346.017   -212.844     48.995    -82.522    -10.313    -50.379
      8.990    345.190   -212.946     48.491    -82.885    -10.089    -50.431
      9.000    344.359   -213.046     47.986    -83.249     -9.864    -50.483
      9.010    343.525   -213.144     47.481    -83.615     -9.638    -50.534
      9.020    342.687   -213.239     46.976    -83.981     -9.411    -50.585
      9.030    341.845   -213.332     46.469    -84.347     -9.183    -50.636
      9.040    341.000   -213.422     45.963    -84.715     -8.954    -50.686
      9.050    340.151   -213.511     45.456    -85.084     -8.723    -50.736
      9.060    339.298   -213.597     44.948    -85.454     -8.491    -50.786
      9.070    338.442   -213.681     44.440    -85.824     -8.258    -50.836
      9.080    337.582   -213.762     43.931    -86.196     -8.023    -50.885
      9.090    336.718   -213.841     43.422    -86.568     -7.787    -50.934
      9.100    335.850   -213.918     42.913    -86.941     -7.550    -50.982
      9.110    334.979   -213.992     42.403    -87.316     -7.312    -51.030
      9.120    334.104   -214.064     41.892    -87.691     -7.072    -51.078
      9.130    333.225   -214.133     41.381    -88.067     -6.831    -51.126
      9.140    332.343   -214.201     40.870    -88.444     -6.589    -51.173
      9.150    331.456   -214.265     40.358    -88.822     -6.345    -51.220
      9.160    330.566   -214.327     39.845    -89.201     -6.100    -51.267
      9.170    329.672   -214.387     39.332    -89.581     -5.853    -51.313
      9.180    328.774   -214.445     38.819    -89.963     -5.605    -51.359
      9.190    327.873   -214.499     38.305    -90.345     -5.356    -51.404
      9.200    326.968   -214.552     37.791    -90.728     -5.106    -51.450
      9.210    326.058   -214.601     37.276    -91.112     -4.854    -51.495
      9.220    325.145   -214.649     36.761    -91.497     -4.600    -51.539
      9.230    324.228   -214.693     36.245    -91.883     -4.345    -51.583
      9.240    323.308   -214.736     35.729    -92.271     -4.089    -51.627
      9.250    322.383   -214.775     35.213    -92.659     -3.831    -51.670
      9.260    321.454   -214.812     34.696    -93.049     -3.571    -51.713
      9.270    320.522   -214.847     34.179    -93.439     -3.310    -51.756
      9.280    319.586   -214.878     33.661    -93.831     -3.048    -51.798
      9.290    318.645   -214.908     33.143    -94.223     -2.784    -51.840
      9.300    317.701   -214.934     32.624    -94.617     -2.518    -51.881
      9.310    316.753   -214.958     32.105    -95.012     -2.251    -51.922
      9.320    315.801   -214.979     31.586    -95.408     -1.982    -51.963
      9.330    314.845   -214.998     31.066    -95.805     -1.712    -52.003
      9.340    313.885   -215.013     30.546    -96.203     -1.440    -52.043
      9.350    312.921   -215.026     30.025    -96.603     -1.166    -52.082
      9.360    311.953   -215.037     29.504    -97.003     -0.891    -52.121
      9.370    310.981   -215.044     28.982    -97.405     -0.614    -52.160
      9.380    310.005   -215.049     28.461    -97.808     -0.335    -52.198
      9.390    309.025   -215.051     27.939    -98.212     -0.055    -52.235
      9.400    308.040   -215.050     27.416    -98.617      0.227    -52.272
      9.410    307.052   -215.046     26.893    -99.024      0.511    -52.309
      9.420    306.060   -215.040     26.370    -99.432      0.796    -52.345
      9.430    305.064   -215.030     25.846    -99.841      1.084    -52.381
      9.440    304.063   -215.018     25.322   -100.251      1.373    -52.416
      9.450    303.059   -215.003     24.798   -100.662      1.664    -52.451
      9.460    302.050   -214.985     24.273   -101.075      1.956    -52.485
      9.470    301.037   -214.964     23.748   -101.489      2.251    -52.519
      9.480    300.020   -214.940     23.223   -101.904      2.548    -52.553
      9.490    298.999   -214.913     22.697   -102.321      2.846    -52.585
      9.500    297.974   -214.883     22.171   -102.738      3.146    -52.618
      9.510    296.944   -214.850     21.645   -103.158      3.448    -52.649
      9.520    295.910   -214.814     21.118   -103.578      3.753    -52.680
      9.530    294.873   -214.775     20.591   -104.000      4.059    -52.711
      9.540    293.830   -214.733     20.064   -104.423      4.367    -52.741
      9.550    292.784   -214.687     19.536   -104.847      4.677    -52.771
      9.560    291.734   -214.639     19.008   -105.273      4.989    -52.800
      9.570    290.679   -214.588     18.480   -105.700      5.304    -52.828
      9.580    289.620   -214.533     17.952   -106.129      5.620    -52.856
      9.590    288.556   -214.475     17.423   -106.559      5.939    -52.883
      9.600    287.488   -214.414     16.894   -106.990      6.259    -52.910
      9.610    286.416   -214.350     16.365   -107.423      6.582    -52.936
      9.620    285.340   -214.283     15.836   -107.857      6.907    -52.961
      9.630    284.259   -214.212     15.306   -108.293      7.234    -52.986
      9.640    283.174   -214.138     14.776   -108.730      7.563    -53.010
      9.650    282.085   -214.061     14.246   -109.168      7.895    -53.034
      9.660    280.991   -213.980     13.715   -109.609      8.229    -53.056
      9.670    279.892   -213.896     13.184   -110.050      8.565    -53.079
      9.680    278.790   -213.809     12.654   -110.493      8.904    -53.100
      9.690    277.682   -213.718     12.122   -110.938      9.245    -53.121
      9.700    276.571   -213.624     11.591   -111.384      9.588    -53.141
      9.710    275.455   -213.526     11.060   -111.832      9.934    -53.160
      9.720    274.334   -213.425     10.528   -112.281     10.282    -53.179
      9.730    273.209   -213.321      9.996   -112.731     10.633    -53.197
      9.740    272.080   -213.212      9.464   -113.184     10.986    -53.214
      9.750    270.945   -213.101      8.932   -113.638     11.342    -53.231
      9.760    269.807   -212.986      8.399   -114.093     11.700    -53.246
      9.770    268.664   -212.867      7.867   -114.551     12.061    -53.261
      9.780    267.516   -212.744      7.334   -115.009     12.425    -53.275
      9.790    266.363   -212.618      6.801   -115.470     12.791    -53.289
      9.800    265.206   -212.489      6.268   -115.932     13.160    -53.301
      9.810    264.045   -212.355      5.735   -116.396     13.531    -53.313
      9.820    262.878   -212.218      5.202   -116.861     13.906    -53.323
      9.830    261.708   -212.077      4.669   -117.328     14.283    -53.333
      9.840    260.532   -211.932      4.136   -117.797     14.663    -53.342
      9.850    259.352   -211.784      3.602   -118.268     15.046    -53.351
      9.860    258.167   -211.631      3.068   -118.740     15.431    -53.358
      9.870    256.977   -211.475      2.535   -119.215     15.820    -53.364
      9.880    255.782   -211.315      2.001   -119.691     16.212    -53.370
      9.890    254.583   -211.151      1.468   -120.168     16.606    -53.374
      9.900    253.379   -210.983      0.934   -120.648     17.004    -53.377
      9.910    252.170   -210.811      0.400   -121.129     17.405    -53.380
      9.920    250.956   -210.635     -0.134   -121.612     17.809    -53.381
      9.930    249.738   -210.454     -0.668   -122.097     18.216    -53.380
      9.940    248.514   -210.270     -1.201   -122.584     18.626    -53.379
      9.950    247.286   -210.082     -1.735   -123.073     19.040    -53.376
      9.960    246.053   -209.889     -2.269   -123.564     19.457    -53.371
      9.970    244.815   -209.693     -2.803   -124.056     19.877    -53.366
      9.980    243.572   -209.492     -3.336   -124.551     20.301    -53.360
      9.990    242.324   -209.287     -3.870   -125.047     20.728    -53.352
     10.000    241.071   -209.077     -4.403   -125.546     21.158    -53.343
     10.010    239.813   -208.864     -4.937   -126.046     21.592    -53.333
